function preEmph = preEmphVec(nBins)
% nBins is NFFT/2

preEmph2048 = [
    0.02,
    0.0200575680146986,
    0.0202292889946904,
    0.0205122958105715,
    0.0209020679862486,
    0.0213927696965761,
    0.0219776404136299,
    0.0226493848700831,
    0.0234005212607903,
    0.0242236635876662,
    0.0251117301224636,
    0.0260580818285861,
    0.0270566014160333,
    0.0281017262769907,
    0.0291884482564245,
    0.0303122913897818,
    0.0314692763729916,
    0.0326558782126569,
    0.0338689815236589,
    0.0351058363861546,
    0.0363640165253703,
    0.0376413807705396,
    0.0389360382074875,
    0.0402463170925534,
    0.0415707373862309,
    0.0429079866490478,
    0.0442568989876919,
    0.0456164367236066,
    0.0469856744637666,
    0.0483637852738624,
    0.0497500286810025,
    0.0511437402621686,
    0.0525443226035136,
    0.0539512374427971,
    0.0553639988320945,
    0.0567821671801257,
    0.0582053440531218,
    0.0596331676302145,
    0.0610653087241032,
    0.0625014672904789,
    0.0639413693605912,
    0.065384764340686,
    0.066831422630016,
    0.0682811335159369,
    0.0697337033104111,
    0.0711889536971973,
    0.0726467202632384,
    0.074106851191374,
    0.0755692060945937,
    0.0770336549746977,
    0.0785000772904929,
    0.079968361122603,
    0.0814384024236429,
    0.0829101043439444,
    0.0843833766242647,
    0.0858581350479757,
    0.0873343009461638,
    0.0888118007498667,
    0.0902905655843738,
    0.0917705309011179,
    0.0932516361432163,
    0.094733824441174,
    0.0962170423356652,
    0.0977012395246588,
    0.0991863686324593,
    0.100672384998507,
    0.102159246484011,
    0.103646913294712,
    0.105135347818226,
    0.106624514474623,
    0.108114379578998,
    0.109604911214947,
    0.111096079117952,
    0.112587854567798,
    0.114080210289222,
    0.115573120360064,
    0.117066560126292,
    0.118560506123293,
    0.120054936002917,
    0.121549828465786,
    0.123045163198431,
    0.12454092081487,
    0.126037082802262,
    0.127533631470313,
    0.129030549904141,
    0.130527821920317,
    0.132025432025855,
    0.133523365379912,
    0.135021607757985,
    0.136520145518445,
    0.1380189655712,
    0.139518055348362,
    0.141017402776741,
    0.142516996252067,
    0.144016824614787,
    0.145516877127344,
    0.147017143452828,
    0.148517613634902,
    0.150018278078924,
    0.151519127534165,
    0.153020153077073,
    0.154521346095497,
    0.156022698273804,
    0.157524201578855,
    0.159025848246748,
    0.160527630770307,
    0.162029541887263,
    0.163531574569073,
    0.165033722010341,
    0.166535977618823,
    0.168038335005938,
    0.169540787977805,
    0.171043330526727,
    0.172545956823131,
    0.174048661207915,
    0.175551438185185,
    0.177054282415363,
    0.178557188708635,
    0.180060152018731,
    0.18156316743701,
    0.183066230186826,
    0.184569335618184,
    0.186072479202635,
    0.187575656528433,
    0.189078863295905,
    0.190582095313051,
    0.192085348491344,
    0.193588618841724,
    0.19509190247078,
    0.196595195577105,
    0.198098494447812,
    0.199601795455215,
    0.201105095053647,
    0.202608389776433,
    0.204111676232983,
    0.205614951106019,
    0.207118211148923,
    0.208621453183195,
    0.210124674096024,
    0.211627870837959,
    0.21313104042068,
    0.214634179914861,
    0.216137286448124,
    0.217640357203078,
    0.219143389415433,
    0.220646380372197,
    0.222149327409946,
    0.223652227913158,
    0.225155079312618,
    0.226657879083888,
    0.228160624745833,
    0.229663313859205,
    0.231165944025287,
    0.232668512884586,
    0.234171018115575,
    0.235673457433485,
    0.237175828589143,
    0.238678129367855,
    0.240180357588329,
    0.241682511101634,
    0.243184587790209,
    0.244686585566898,
    0.246188502374024,
    0.247690336182499,
    0.24919208499096,
    0.250693746824945,
    0.252195319736089,
    0.253696801801355,
    0.255198191122292,
    0.256699485824314,
    0.25820068405601,
    0.259701783988474,
    0.261202783814662,
    0.262703681748764,
    0.26420447602561,
    0.265705164900079,
    0.267205746646546,
    0.268706219558331,
    0.270206581947183,
    0.271706832142764,
    0.273206968492164,
    0.274706989359426,
    0.276206893125084,
    0.277706678185722,
    0.279206342953542,
    0.280705885855952,
    0.282205305335159,
    0.283704599847782,
    0.285203767864472,
    0.286702807869552,
    0.288201718360657,
    0.289700497848394,
    0.291199144856009,
    0.292697657919064,
    0.29419603558513,
    0.295694276413475,
    0.29719237897478,
    0.298690341850849,
    0.300188163634333,
    0.301685842928466,
    0.303183378346802,
    0.304680768512964,
    0.306178012060401,
    0.307675107632146,
    0.309172053880592,
    0.310668849467263,
    0.312165493062599,
    0.313661983345747,
    0.315158319004351,
    0.316654498734357,
    0.318150521239819,
    0.319646385232711,
    0.321142089432742,
    0.322637632567183,
    0.32413301337069,
    0.32562823058514,
    0.327123282959465,
    0.328618169249494,
    0.330112888217802,
    0.331607438633553,
    0.333101819272363,
    0.33459602891615,
    0.336090066353,
    0.337583930377034,
    0.339077619788271,
    0.340571133392507,
    0.342064470001189,
    0.34355762843129,
    0.3450506075052,
    0.346543406050604,
    0.348036022900372,
    0.349528456892454,
    0.35102070686977,
    0.35251277168011,
    0.354004650176032,
    0.355496341214762,
    0.356987843658104,
    0.358479156372342,
    0.359970278228151,
    0.361461208100511,
    0.362951944868617,
    0.364442487415798,
    0.365932834629431,
    0.367422985400868,
    0.368912938625351,
    0.37040269320194,
    0.371892248033439,
    0.37338160202632,
    0.374870754090657,
    0.376359703140053,
    0.377848448091578,
    0.379336987865697,
    0.38082532138621,
    0.382313447580188,
    0.383801365377915,
    0.385289073712823,
    0.386776571521438,
    0.388263857743321,
    0.389750931321014,
    0.391237791199986,
    0.392724436328576,
    0.394210865657948,
    0.395697078142034,
    0.39718307273749,
    0.398668848403643,
    0.400154404102447,
    0.401639738798435,
    0.403124851458676,
    0.404609741052729,
    0.406094406552602,
    0.407578846932707,
    0.409063061169822,
    0.410547048243048,
    0.412030807133773,
    0.413514336825629,
    0.414997636304458,
    0.416480704558275,
    0.417963540577231,
    0.419446143353576,
    0.420928511881628,
    0.422410645157738,
    0.423892542180256,
    0.4253742019495,
    0.426855623467725,
    0.428336805739089,
    0.429817747769626,
    0.431298448567216,
    0.432778907141554,
    0.434259122504123,
    0.435739093668168,
    0.437218819648666,
    0.4386982994623,
    0.440177532127433,
    0.441656516664084,
    0.443135252093902,
    0.444613737440141,
    0.446091971727637,
    0.447569953982782,
    0.449047683233507,
    0.450525158509252,
    0.452002378840949,
    0.453479343260999,
    0.454956050803251,
    0.456432500502979,
    0.457908691396866,
    0.459384622522981,
    0.46086029292076,
    0.462335701630987,
    0.463810847695776,
    0.465285730158553,
    0.466760348064033,
    0.468234700458212,
    0.469708786388339,
    0.471182604902907,
    0.472656155051634,
    0.474129435885443,
    0.475602446456452,
    0.477075185817954,
    0.478547653024405,
    0.480019847131405,
    0.481491767195685,
    0.482963412275096,
    0.484434781428589,
    0.485905873716203,
    0.487376688199054,
    0.488847223939319,
    0.490317480000222,
    0.491787455446023,
    0.493257149342007,
    0.494726560754466,
    0.496195688750693,
    0.497664532398965,
    0.499133090768536,
    0.50060136292962,
    0.502069347953384,
    0.503537044911936,
    0.505004452878314,
    0.506471570926474,
    0.507938398131281,
    0.509404933568498,
    0.510871176314775,
    0.512337125447644,
    0.5138027800455,
    0.515268139187602,
